Test, Start_Pos, Nodes_Traversed, Time Elapsed
1, [1,1], 385, 18.975229400064563
2, [2,1], 386, 18.52424409984087
3, [3,1], 387, 18.69614050014934
4, [4,1], 388, 18.672724600226502
5, [5,1], 387, 18.59412709994649
6, [6,1], 386, 18.64995230016939
7, [7,1], 385, 18.933070800019777
8, [8,1], 386, 18.4797868001624
9, [9,1], 387, 18.77881049986172
10, [10,1], 388, 18.775458299773163
11, [11,1], 389, 18.765737200228614
12, [12,1], 390, 18.750953299808316
13, [15,1], 387, 18.659314400036237
14, [16,1], 388, 18.97395649990358
15, [17,1], 389, 18.660654699720908
16, [18,1], 390, 18.75888539981679
17, [19,1], 397, 19.067995099670952
18, [20,1], 396, 19.90031060006004
19, [21,1], 395, 19.062208599905716
20, [22,1], 394, 18.990071800290025
21, [23,1], 395, 19.195644200386596
22, [24,1], 396, 19.174970600171946
23, [25,1], 397, 19.10664240004553
24, [26,1], 398, 18.993793199842912
25, [1,2], 384, 18.571737500009476
26, [6,2], 387, 18.960322800063295
27, [12,2], 392, 18.94611620006617
28, [15,2], 386, 18.534096699790098
29, [21,2], 396, 19.200974300067173
30, [26,2], 389, 18.63936279999325
31, [1,3], 383, 18.429326900222804
32, [6,3], 388, 18.905520499916747
33, [12,3], 391, 18.944362799811643
34, [15,3], 385, 18.81073969983845
35, [21,3], 391, 18.910326299795997
36, [26,3], 388, 19.11873950023437
37, [1,4], 382, 18.525788900151383
38, [6,4], 387, 18.595326799928444
39, [12,4], 390, 19.410086600051727
40, [15,4], 384, 18.43013239982247
41, [21,4], 390, 18.784738000045763
42, [26,4], 387, 18.765026599998237
43, [1,5], 383, 18.5213630998187
44, [2,5], 384, 18.434046299924375
45, [3,5], 392, 19.098172600221005
46, [4,5], 390, 18.742763999805902
47, [5,5], 389, 18.687372299697017
48, [6,5], 388, 19.07540190020518
49, [7,5], 394, 19.047745999705512
50, [8,5], 395, 19.088616500084754
51, [9,5], 419, 20.21004630011157
52, [10,5], 418, 20.544277399763814
53, [11,5], 419, 20.62103549981839
54, [12,5], 391, 18.835646399733378
55, [13,5], 387, 18.704044500278542
56, [14,5], 386, 18.631023699927027
57, [15,5], 385, 18.50050659995759
58, [16,5], 401, 19.186272999708308
59, [17,5], 400, 19.296670900119352
60, [18,5], 399, 19.45293359985226
61, [19,5], 393, 18.899866199673852
62, [20,5], 392, 18.900183199861203
63, [21,5], 391, 18.7687527002563
64, [22,5], 392, 18.77132820012048
65, [23,5], 393, 18.951443199883215
66, [24,5], 394, 19.537832799906028
67, [25,5], 389, 18.816680300005828
68, [26,5], 388, 18.750938300276175
69, [1,6], 384, 18.56822619990271
70, [6,6], 391, 18.789429400057998
71, [9,6], 420, 20.42509330001485
72, [18,6], 400, 19.16511450021062
73, [21,6], 399, 19.53341099995305
74, [26,6], 389, 18.690812400425784
75, [1,7], 385, 18.60786220006412
76, [6,7], 392, 18.748988499864936
77, [9,7], 398, 19.098847199886222
78, [18,7], 401, 19.25168059981661
79, [21,7], 398, 19.583008499917923
80, [26,7], 390, 18.821369400277035
81, [1,8], 387, 18.697342899657087
82, [2,8], 394, 19.314494599588215
83, [3,8], 401, 19.156123999942793
84, [4,8], 400, 19.299487600292196
85, [5,8], 399, 19.132659800481633
86, [6,8], 393, 19.321294099863735
87, [9,8], 395, 19.008212800108595
88, [10,8], 406, 19.42121919991041
89, [11,8], 407, 19.48202689999016
90, [12,8], 408, 19.48568279996107
91, [15,8], 404, 19.35671110005933
92, [16,8], 405, 19.82529439983773
93, [17,8], 406, 19.492912600020645
94, [18,8], 403, 19.488016900315415
95, [21,8], 399, 19.082527300095535
96, [22,8], 396, 19.26361149994773
97, [23,8], 397, 19.310579000302823
98, [24,8], 398, 19.379402200254845
99, [25,8], 399, 19.16040670008806
100, [26,8], 392, 18.986311399872648
101, [6,9], 387, 19.064228500064928
102, [12,9], 391, 19.21826110035181
103, [15,9], 403, 19.414541299949633
104, [21,9], 400, 19.327028400060954
105, [6,10], 388, 19.24349060021632
106, [12,10], 390, 18.63144739996642
107, [15,10], 402, 19.53207130008377
108, [21,10], 401, 19.42814769987308
109, [6,11], 389, 19.08334319993446
110, [9,11], 394, 19.17189550024341
111, [10,11], 393, 19.38583060017845
112, [11,11], 392, 18.791624400037108
113, [12,11], 391, 19.05398089985829
114, [13,11], 405, 19.43052219992387
115, [14,11], 405, 19.61791490019823
116, [15,11], 403, 19.5404709999857
117, [16,11], 386, 18.71083719994931
118, [17,11], 387, 18.82681850004883
119, [18,11], 388, 18.58866830029001
120, [21,11], 392, 19.028484100170317
121, [6,12], 390, 18.937360399606405
122, [9,12], 393, 18.914587399936863
123, [18,12], 393, 18.855932000093162
124, [21,12], 391, 19.01436539979477
125, [6,13], 391, 19.06109479974839
126, [9,13], 392, 18.92683009999746
127, [18,13], 392, 18.773210999948788
128, [21,13], 390, 18.828615899939905
129, [6,14], 392, 19.126209700058098
130, [7,14], 391, 18.995900400041137
131, [8,14], 392, 18.977223900161334
132, [9,14], 393, 19.112145500112092
133, [18,14], 393, 19.068955499940785
134, [19,14], 385, 18.456405799894128
135, [20,14], 386, 18.50151949976862
136, [21,14], 391, 18.723766399911256
137, [6,15], 393, 19.75793779976084
138, [9,15], 394, 18.931833399663446
139, [18,15], 397, 19.39407330006361
140, [21,15], 392, 18.787563400081126
141, [6,16], 397, 19.286591299882275
142, [9,16], 391, 18.72059849985817
143, [18,16], 396, 19.30176160011615
144, [21,16], 385, 18.763529499978176
145, [6,17], 396, 19.45360599986452
146, [9,17], 392, 18.791161999848555
147, [10,17], 389, 18.593826200070907
148, [11,17], 406, 19.681189299895777
149, [12,17], 437, 21.500246900119237
150, [13,17], 436, 21.59025420024409
151, [14,17], 435, 21.47034709995205
152, [15,17], 434, 21.28923210031644
153, [16,17], 433, 21.415851099576685
154, [17,17], 398, 19.65019239981484
155, [18,17], 397, 19.277096099991468
156, [21,17], 384, 18.593550399760716
157, [6,18], 395, 19.862424200269743
158, [9,18], 397, 19.104422899778
159, [18,18], 431, 21.063734300114447
160, [21,18], 383, 18.664441400265787
161, [6,19], 394, 19.158406900198315
162, [9,19], 396, 19.092015099842683
163, [18,19], 430, 20.972675199984224
164, [21,19], 382, 18.768895700210123
165, [1,20], 400, 19.40793350027525
166, [2,20], 399, 19.57276419988193
167, [3,20], 398, 19.39327160004177
168, [4,20], 397, 19.304121600129292
169, [5,20], 396, 19.18141700013075
170, [6,20], 395, 19.584537900416763
171, [7,20], 394, 18.820578099766863
172, [8,20], 395, 19.166373199681402
173, [9,20], 397, 19.377553799800808
174, [10,20], 394, 18.96526999968046
175, [11,20], 395, 19.013857700119843
176, [12,20], 392, 18.919396299534128
177, [15,20], 398, 19.787226100394037
178, [16,20], 433, 21.1345333999343
179, [17,20], 432, 21.640407799655804
180, [18,20], 431, 21.051701300006243
181, [19,20], 389, 18.669933999946807
182, [20,20], 390, 19.11821339991002
183, [21,20], 383, 18.525924600151484
184, [22,20], 431, 21.101909299875842
185, [23,20], 386, 18.875162500189617
186, [24,20], 386, 18.48062739998568
187, [25,20], 387, 18.81154590015649
188, [26,20], 388, 18.71243170015805
189, [1,21], 401, 19.402486699967994
190, [6,21], 396, 19.33949260036752
191, [12,21], 399, 19.283207499916898
192, [15,21], 397, 19.553373900344013
193, [21,21], 382, 18.450154299789574
194, [26,21], 381, 18.40878850047011
195, [1,22], 400, 19.481758400215767
196, [6,22], 397, 19.456610300039756
197, [12,22], 398, 19.323537100150133
198, [15,22], 396, 19.3524670998886
199, [21,22], 381, 18.455398099991726
200, [26,22], 380, 18.11331749999954
201, [1,23], 399, 19.16554850009561
202, [2,23], 400, 19.53768329952436
203, [3,23], 400, 19.227976199952536
204, [6,23], 398, 19.385086999667692
205, [7,23], 399, 19.56264559965348
206, [8,23], 400, 19.495145999870147
207, [9,23], 412, 19.58810919984535
208, [10,23], 411, 19.82968029991025
209, [11,23], 412, 19.805050800117897
210, [12,23], 399, 19.132522200015956
211, [13,23], 387, 18.67117309976311
212, [14,23], 388, 18.95594749992597
213, [15,23], 397, 19.19364130019676
214, [16,23], 396, 18.950736600032542
215, [17,23], 395, 19.082898700085934
216, [18,23], 394, 19.041077400179347
217, [19,23], 393, 18.97507109984872
218, [20,23], 394, 19.338809200184187
219, [21,23], 382, 18.245206400213647
220, [24,23], 377, 18.30121879975195
221, [25,23], 379, 18.48039470014919
222, [26,23], 380, 18.581035400173278
223, [3,24], 396, 19.390488800156163
224, [6,24], 399, 19.51897819979058
225, [9,24], 413, 20.446838199917693
226, [18,24], 395, 19.34559599981003
227, [21,24], 383, 18.838672099838732
228, [24,24], 376, 18.247972099779872
229, [3,25], 395, 19.242388099693926
230, [6,25], 400, 19.897232600022107
231, [9,25], 403, 19.874890800230787
232, [18,25], 396, 19.08999149974261
233, [21,25], 397, 19.332700800223392
234, [24,25], 375, 18.381624700021348
235, [1,26], 398, 19.37007579996134
236, [2,26], 397, 19.47400489989377
237, [3,26], 396, 19.351687000322272
238, [4,26], 395, 19.43829740025103
239, [5,26], 402, 19.714659499906702
240, [6,26], 401, 19.715346099692397
241, [9,26], 404, 19.848571300128242
242, [10,26], 406, 19.552938199965865
243, [11,26], 407, 19.60817270046391
244, [12,26], 408, 19.98419739989913
245, [15,26], 413, 20.179853800000274
246, [16,26], 414, 20.005128699951456
247, [17,26], 415, 20.166396599714062
248, [18,26], 398, 19.109579400043003
249, [21,26], 398, 19.2295193997561
250, [22,26], 386, 19.00555800003349
251, [23,26], 377, 18.27405639993958
252, [24,26], 376, 18.278733799699694
253, [25,26], 377, 18.378851799934637
254, [26,26], 378, 18.192559299975983
255, [1,27], 399, 19.342767500464106
256, [12,27], 414, 20.09874099989247
257, [15,27], 412, 20.27309959968261
258, [26,27], 379, 18.426757300214376
259, [1,28], 400, 19.506479300092906
260, [12,28], 413, 20.2493268999242
261, [15,28], 411, 19.938277099921834
262, [26,28], 380, 18.482894200249575
263, [1,29], 401, 19.65490399998089
264, [2,29], 424, 20.601797300259932
265, [3,29], 423, 20.671037500200327
266, [4,29], 422, 20.792635500023607
267, [5,29], 421, 20.469591599801788
268, [6,29], 420, 20.629899399951682
269, [7,29], 419, 20.65788040026382
270, [8,29], 418, 20.357391900237417
271, [9,29], 417, 20.50363639969146
272, [10,29], 416, 20.541608699859353
273, [11,29], 415, 20.067955699865706
274, [12,29], 414, 20.027918100269744
275, [14,29], 413, 20.445614199867123
276, [15,29], 412, 20.106487100216327
277, [16,29], 401, 19.294395899865776
278, [17,29], 402, 19.467454600075143
279, [18,29], 403, 19.49173179992067
280, [19,29], 404, 19.62768230009533
281, [20,29], 405, 19.556707399970037
282, [21,29], 406, 20.03306620004878
283, [22,29], 407, 19.766239500168012
284, [23,29], 408, 20.332888399716467
285, [24,29], 409, 19.775080600040383
286, [25,29], 410, 19.858952300157398
287, [26,29], 411, 19.916716600113432
288, [13,29], 414, 20.489149200351676