Test, Start_Pos, Nodes_Traversed, Time Elapsed
1, [1,1], 394, 19.559946700017463
2, [2,1], 395, 19.47115809998286
3, [3,1], 396, 20.497999799910758
4, [4,1], 405, 20.03789530002541
5, [5,1], 404, 19.8471918000796
6, [6,1], 403, 20.070866299920453
7, [7,1], 402, 20.383600000095612
8, [8,1], 403, 19.992021999867575
9, [9,1], 404, 20.213382399917464
10, [10,1], 405, 20.1056000000317
11, [11,1], 406, 20.08768639994014
12, [12,1], 407, 20.284309200043936
13, [15,1], 396, 19.843659299996943
14, [16,1], 397, 19.61281440007224
15, [17,1], 398, 19.574397600004886
16, [18,1], 399, 19.727303999992728
17, [19,1], 397, 19.69175730003917
18, [20,1], 396, 19.463623199935682
19, [21,1], 395, 19.421180699937395
20, [22,1], 394, 19.30754990000787
21, [23,1], 395, 19.474109799986763
22, [24,1], 396, 19.410425000012765
23, [25,1], 397, 19.550362500038318
24, [26,1], 398, 19.694563899960485
25, [1,2], 393, 19.424061199912103
26, [6,2], 404, 20.19968470000822
27, [12,2], 400, 19.79281700003412
28, [15,2], 395, 19.14307500011273
29, [21,2], 396, 18.942294500044227
30, [26,2], 398, 19.495958100047574
31, [1,3], 392, 19.54536099996767
32, [6,3], 397, 19.402376600217394
33, [12,3], 399, 19.543457100015075
34, [15,3], 394, 18.855620500013174
35, [21,3], 400, 19.256940799903532
36, [26,3], 397, 19.051545800059102
37, [1,4], 391, 18.655051100071432
38, [6,4], 396, 19.35548520006705
39, [12,4], 398, 19.420895000028395
40, [15,4], 393, 18.86171559991635
41, [21,4], 399, 19.32589170002393
42, [26,4], 396, 19.120574500080693
43, [1,5], 392, 18.723282200080575
44, [2,5], 393, 18.998616900054913
45, [3,5], 400, 19.882877099917096
46, [4,5], 399, 20.04462979991513
47, [5,5], 398, 20.31914909997795
48, [6,5], 397, 19.68307839996487
49, [7,5], 402, 20.608105200084538
50, [8,5], 403, 20.726499999931548
51, [9,5], 427, 21.410362000089663
52, [10,5], 426, 20.73022800002218
53, [11,5], 427, 21.188176900050166
54, [12,5], 399, 20.41927680002118
55, [13,5], 396, 19.166833200026304
56, [14,5], 395, 19.208489899971028
57, [15,5], 394, 18.837641199967038
58, [16,5], 404, 19.358304800047335
59, [17,5], 403, 19.268104199978552
60, [18,5], 402, 19.093363299918565
61, [19,5], 402, 19.176609499812912
62, [20,5], 401, 19.089127900060703
63, [21,5], 400, 19.088217799962877
64, [22,5], 401, 19.205120200098463
65, [23,5], 402, 19.19236760000058
66, [24,5], 403, 19.215212699957192
67, [25,5], 398, 19.02493209995737
68, [26,5], 397, 18.900237000070774
69, [1,6], 393, 18.894293099907372
70, [6,6], 408, 19.43628809996153
71, [9,6], 428, 20.586855300050956
72, [18,6], 403, 19.302359499972226
73, [21,6], 400, 19.045580600002722
74, [26,6], 398, 18.888809300064167
75, [1,7], 394, 18.869749600089563
76, [6,7], 409, 19.531137200072408
77, [9,7], 406, 19.41826380011844
78, [18,7], 404, 19.256853599970782
79, [21,7], 399, 19.147745199858036
80, [26,7], 399, 19.036368299926835
81, [1,8], 395, 18.72036230014055
82, [2,8], 405, 19.407563300042966
83, [3,8], 413, 19.980232799887744
84, [4,8], 412, 19.7736639000359
85, [5,8], 411, 19.413075300002674
86, [6,8], 410, 19.59733009991396
87, [9,8], 406, 19.298612200058415
88, [10,8], 405, 19.293886499977816
89, [11,8], 406, 19.211728899972513
90, [12,8], 407, 19.256807500118157
91, [15,8], 404, 19.15540440012046
92, [16,8], 405, 19.223283300249022
93, [17,8], 406, 19.191863399973954
94, [18,8], 405, 25.13918940008807
95, [21,8], 400, 19.358540000022913
96, [22,8], 397, 19.1525484000922
97, [23,8], 398, 19.075433700134454
98, [24,8], 399, 19.163823799939564
99, [25,8], 400, 19.017387500101904
100, [26,8], 400, 18.893147099926864
101, [6,9], 400, 19.10243640005865
102, [12,9], 402, 19.206301400019584
103, [15,9], 403, 19.328994900035468
104, [21,9], 401, 19.078864899958717
105, [6,10], 401, 19.241281000002346
106, [12,10], 401, 19.229986999918765
107, [15,10], 402, 19.41905439988841
108, [21,10], 402, 19.044762400048057
109, [6,11], 402, 19.228286099998513
110, [9,11], 393, 18.90639929993995
111, [10,11], 404, 19.204270199868915
112, [11,11], 403, 19.509650300049543
113, [12,11], 402, 19.2174926000298
114, [13,11], 405, 19.14727070018489
115, [14,11], 404, 19.387506199986092
116, [15,11], 403, 19.292949499918905
117, [16,11], 382, 18.215844199919957
118, [17,11], 383, 18.311931499949424
119, [18,11], 384, 18.387037399999826
120, [21,11], 400, 19.30313180007215
121, [6,12], 401, 19.12819290007974
122, [9,12], 392, 18.744166299937206
123, [18,12], 404, 21.27589679990342
124, [21,12], 399, 20.342623200107482
125, [6,13], 402, 20.115569399906235
126, [9,13], 391, 18.9439049999055
127, [18,13], 403, 19.469967700064444
128, [21,13], 398, 19.01621869999144
129, [6,14], 403, 19.364636200047244
130, [7,14], 390, 19.480713100048888
131, [8,14], 391, 19.431025599940767
132, [9,14], 392, 19.386085099915363
133, [18,14], 404, 19.842166500031453
134, [19,14], 381, 18.39968719987519
135, [20,14], 382, 18.448036199984926
136, [21,14], 399, 19.28353490007794
137, [6,15], 404, 19.378500899936626
138, [9,15], 393, 18.87691670006825
139, [18,15], 411, 19.871681300155615
140, [21,15], 400, 19.405764400064072
141, [6,16], 407, 19.756369399972755
142, [9,16], 390, 18.800249599982635
143, [18,16], 410, 19.56563890003963
144, [21,16], 381, 18.379982899950846
145, [6,17], 406, 19.40221509987896
146, [9,17], 391, 18.74627249999321
147, [10,17], 388, 18.558325399906607
148, [11,17], 415, 20.085058399938134
149, [12,17], 438, 21.076203500051633
150, [13,17], 437, 21.136906799998542
151, [14,17], 436, 21.074899699888192
152, [15,17], 435, 21.49520880003911
153, [16,17], 434, 21.729628199853323
154, [17,17], 412, 20.046771399949648
155, [18,17], 411, 19.78161030012052
156, [21,17], 380, 18.460864199911157
157, [6,18], 405, 19.79198800002996
158, [9,18], 404, 19.806401700057904
159, [18,18], 431, 20.921504500049195
160, [21,18], 379, 18.614972600091278
161, [6,19], 404, 20.28755079999246
162, [9,19], 403, 20.386161599992192
163, [18,19], 430, 21.75768090003112
164, [21,19], 378, 18.319333400009782
165, [1,20], 410, 19.78518620002069
166, [2,20], 409, 19.633248000176536
167, [3,20], 408, 19.919183700076246
168, [4,20], 407, 19.64110639995488
169, [5,20], 406, 19.480233099970064
170, [6,20], 405, 19.411836000028416
171, [7,20], 392, 19.031853399974352
172, [8,20], 393, 19.04358309995223
173, [9,20], 404, 19.559530399965297
174, [10,20], 401, 19.434670699913113
175, [11,20], 402, 19.373938800006727
176, [12,20], 399, 19.065617299937003
177, [15,20], 411, 19.95892590015137
178, [16,20], 433, 20.78689469996243
179, [17,20], 432, 20.83177039997463
180, [18,20], 431, 20.855501600086427
181, [19,20], 388, 18.549496800031193
182, [20,20], 389, 18.60394769992854
183, [21,20], 379, 18.12386390003303
184, [22,20], 429, 20.64402419995895
185, [23,20], 381, 18.116500899945095
186, [24,20], 382, 18.478374400074244
187, [25,20], 383, 18.34050330000173
188, [26,20], 384, 18.38695290006217
189, [1,21], 411, 19.679447200047434
190, [6,21], 406, 19.596633799970732
191, [12,21], 416, 19.782952900088276
192, [15,21], 410, 19.584782800029643
193, [21,21], 378, 18.247114599911583
194, [26,21], 377, 18.16947610002535
195, [1,22], 410, 19.678598800004693
196, [6,22], 407, 19.516942300058872
197, [12,22], 415, 20.094781999832776
198, [15,22], 409, 19.529779100063024
199, [21,22], 377, 17.977008200003183
200, [26,22], 376, 18.10463689991957
201, [1,23], 409, 19.52352030007023
202, [2,23], 410, 19.726788400050282
203, [3,23], 409, 19.687587000058556
204, [6,23], 408, 19.588047700006427
205, [7,23], 399, 19.369377100076235
206, [8,23], 400, 19.182149800049956
207, [9,23], 433, 20.968429599972296
208, [10,23], 432, 21.25071230010144
209, [11,23], 433, 21.564976100100466
210, [12,23], 416, 20.45548790002067
211, [13,23], 395, 20.07844120007576
212, [14,23], 396, 20.198877800132323
213, [15,23], 410, 20.168296400002873
214, [16,23], 392, 19.624127499959286
215, [17,23], 391, 18.93729739999253
216, [18,23], 390, 18.83590370005186
217, [19,23], 389, 19.460232699984772
218, [20,23], 390, 19.00283269997817
219, [21,23], 378, 18.30595010012985
220, [24,23], 373, 17.941270299914322
221, [25,23], 374, 18.25583809996897
222, [26,23], 375, 18.442140700008167
223, [3,24], 406, 20.16938989996561
224, [6,24], 409, 20.167679099969973
225, [9,24], 434, 21.358807999942655
226, [18,24], 391, 18.844427500182064
227, [21,24], 379, 18.159165299985034
228, [24,24], 372, 18.219096999946487
229, [3,25], 405, 19.720169199921656
230, [6,25], 410, 19.664113799863117
231, [9,25], 403, 19.33201529993312
232, [18,25], 392, 19.14510459990197
233, [21,25], 393, 19.59095199992953
234, [24,25], 371, 17.76537549995919
235, [1,26], 408, 19.395407399904798
236, [2,26], 407, 19.448276400042232
237, [3,26], 406, 19.59330849998514
238, [4,26], 405, 19.422931300054188
239, [5,26], 412, 20.24579820004874
240, [6,26], 411, 20.13184010009718
241, [9,26], 404, 19.78705110007286
242, [10,26], 419, 20.270641200015234
243, [11,26], 420, 20.044985599957727
244, [12,26], 421, 20.242360999953235
245, [15,26], 423, 20.4593808998834
246, [16,26], 424, 20.362432200046896
247, [17,26], 425, 20.325678900022467
248, [18,26], 393, 19.492681299987453
249, [21,26], 394, 18.797921600023983
250, [22,26], 382, 18.3391157000151
251, [23,26], 373, 17.923146599900065
252, [24,26], 372, 17.819471199953114
253, [25,26], 373, 17.89243049997458
254, [26,26], 374, 18.001676899966697
255, [1,27], 409, 19.52035490002163
256, [12,27], 452, 21.883199200059607
257, [15,27], 422, 20.01732639997863
258, [26,27], 375, 17.835629800021707
259, [1,28], 410, 19.627219999918452
260, [12,28], 451, 21.738950900056807
261, [15,28], 421, 20.02834240008451
262, [26,28], 376, 18.228828499952215
263, [1,29], 411, 19.728357599997253
264, [2,29], 464, 22.13118159996884
265, [3,29], 463, 22.118945899903338
266, [4,29], 462, 22.02881289997822
267, [5,29], 461, 22.12822639992737
268, [6,29], 460, 22.202348199978587
269, [7,29], 459, 22.182954199997766
270, [8,29], 458, 21.93302319997747
271, [9,29], 457, 21.81265219992929
272, [10,29], 456, 21.785990499956824
273, [11,29], 455, 21.798284900025465
274, [12,29], 452, 21.744418700141978
275, [14,29], 423, 20.203624099907756
276, [15,29], 422, 20.329717200031155
277, [16,29], 411, 21.73063729994101
278, [17,29], 412, 22.432165999918652
279, [18,29], 413, 19.997964500093076
280, [19,29], 418, 20.156783400023414
281, [20,29], 417, 20.398505700093665
282, [21,29], 424, 20.6745046001015
283, [22,29], 421, 20.34502919992883
284, [23,29], 436, 20.881931900010386
285, [24,29], 435, 20.882225199959066
286, [25,29], 436, 21.027930899948842
287, [26,29], 435, 21.056684499977564
288, [13,29], 428, 20.562593900001957